LexicalReordering0= 0.0871146
LexicalReordering0= 0.0289681
LexicalReordering0= 0.103251
LexicalReordering0= 0.103686
LexicalReordering0= 0.0432678
LexicalReordering0= 0.0979399
Distortion0= 0.0288523
LM0= 0.0870075
WordPenalty0= -0.253663
PhrasePenalty0= 0.0785518
TranslationModel0= 0.00224448
TranslationModel0= 0.0253121
TranslationModel0= 0.0281962
TranslationModel0= 0.0319449
