LexicalReordering0= 0.0105082
LexicalReordering0= 0.100094
LexicalReordering0= 0.0951627
LexicalReordering0= 0.177952
LexicalReordering0= 0.0557623
LexicalReordering0= 0.0149741
Distortion0= 0.00372299
LM0= 0.0967847
WordPenalty0= -0.204389
PhrasePenalty0= 0.0747574
TranslationModel0= -0.00756512
TranslationModel0= 0.0608067
TranslationModel0= 0.0939494
TranslationModel0= 0.00357143
