LexicalReordering0= 0.0604392
LexicalReordering0= -0.0106131
LexicalReordering0= 0.0882487
LexicalReordering0= 0.0814559
LexicalReordering0= 0.0713259
LexicalReordering0= 0.0791454
Distortion0= 0.00978049
LM0= 0.0759599
WordPenalty0= -0.319567
PhrasePenalty0= 0.0445167
TranslationModel0= 0.0191962
TranslationModel0= 0.0317017
TranslationModel0= 0.0581956
TranslationModel0= 0.0498536
