LexicalReordering0= 0.00745313
LexicalReordering0= 0.0654505
LexicalReordering0= 0.0674959
LexicalReordering0= 0.126216
LexicalReordering0= 0.00154869
LexicalReordering0= 0.345881
Distortion0= 0.00303533
LM0= 0.0669197
WordPenalty0= -0.145314
PhrasePenalty0= 0.053023
TranslationModel0= -0.0053657
TranslationModel0= 0.0431283
TranslationModel0= 0.0666353
TranslationModel0= 0.0025331
