LexicalReordering0= 0.0173242
LexicalReordering0= 0.00369751
LexicalReordering0= 0.187868
LexicalReordering0= 0.115879
LexicalReordering0= 0.0154827
LexicalReordering0= 0.0698896
Distortion0= 0.00435326
LM0= 0.107601
WordPenalty0= -0.198981
PhrasePenalty0= -0.19819
TranslationModel0= 0.0135916
TranslationModel0= 0.0400541
TranslationModel0= 0.0174713
TranslationModel0= 0.00961664
