LexicalReordering0= -0.0758593
LexicalReordering0= 0.0635343
LexicalReordering0= 0.00831762
LexicalReordering0= 0.0450651
LexicalReordering0= 0.0476334
LexicalReordering0= 0.044893
Distortion0= -0.114579
LM0= 0.154613
WordPenalty0= -0.244572
PhrasePenalty0= 0.00987608
TranslationModel0= 0.0882225
TranslationModel0= 0.0424917
TranslationModel0= 0.0222854
TranslationModel0= 0.0380584
