LexicalReordering0= 0.100738
LexicalReordering0= 0.0880549
LexicalReordering0= 0.0418239
LexicalReordering0= 0.111194
LexicalReordering0= 0.0038183
LexicalReordering0= 0.15755
Distortion0= -0.0133613
LM0= 0.0567015
WordPenalty0= -0.219608
PhrasePenalty0= 0.00306271
TranslationModel0= -0.00907827
TranslationModel0= 0.0643751
TranslationModel0= 0.100519
TranslationModel0= 0.0301158
