LexicalReordering0= 0.000438681
LexicalReordering0= 0.0710996
LexicalReordering0= 0.0800175
LexicalReordering0= 0.0333292
LexicalReordering0= 0.00157014
LexicalReordering0= 0.109935
Distortion0= -0.0565158
LM0= 0.0955097
WordPenalty0= -0.224556
PhrasePenalty0= -0.0659934
TranslationModel0= 0.0167758
TranslationModel0= 0.0953082
TranslationModel0= 0.117902
TranslationModel0= 0.0310491
