LexicalReordering0= 0.100699
LexicalReordering0= 0.088021
LexicalReordering0= 0.0418078
LexicalReordering0= 0.111151
LexicalReordering0= 0.00381683
LexicalReordering0= 0.157489
Distortion0= -0.0133562
LM0= 0.0566797
WordPenalty0= -0.219524
PhrasePenalty0= 0.00306153
TranslationModel0= -0.00907478
TranslationModel0= 0.0647355
TranslationModel0= 0.10048
TranslationModel0= 0.0301042
