LexicalReordering0= 0.0203224
LexicalReordering0= 0.0259262
LexicalReordering0= 0.0535834
LexicalReordering0= 0.0887145
LexicalReordering0= 0.0522544
LexicalReordering0= 0.0971909
Distortion0= 0.00201665
LM0= 0.0765425
WordPenalty0= -0.377121
PhrasePenalty0= 0.0390854
TranslationModel0= 0.0168045
TranslationModel0= 0.0364397
TranslationModel0= 0.0416413
TranslationModel0= 0.0723572
