LexicalReordering0= 0.0197272
LexicalReordering0= -0.141086
LexicalReordering0= 0.0230824
LexicalReordering0= 0.00978517
LexicalReordering0= 0.159453
LexicalReordering0= 0.042403
Distortion0= 0.00538793
LM0= 0.0501567
WordPenalty0= -0.278853
PhrasePenalty0= 0.136569
TranslationModel0= 0.0137273
TranslationModel0= 0.0360109
TranslationModel0= 0.0437916
TranslationModel0= 0.0399678
