LexicalReordering0= 0.00859865
LexicalReordering0= 0.0423556
LexicalReordering0= 0.0126901
LexicalReordering0= 0.204661
LexicalReordering0= 0.0457179
LexicalReordering0= 0.0477856
Distortion0= 0.0324708
LM0= 0.0535128
WordPenalty0= -0.295478
PhrasePenalty0= 0.0949737
TranslationModel0= 0.0261994
TranslationModel0= 0.0471681
TranslationModel0= 0.0361461
TranslationModel0= 0.0522421
