LexicalReordering0= -0.0525084
LexicalReordering0= 0.0129865
LexicalReordering0= 0.071736
LexicalReordering0= 0.129382
LexicalReordering0= -0.0431145
LexicalReordering0= 0.14141
Distortion0= 0.000657822
LM0= 0.0640098
WordPenalty0= -0.285589
PhrasePenalty0= -0.00147312
TranslationModel0= 0.00340131
TranslationModel0= 0.0731594
TranslationModel0= 0.0634925
TranslationModel0= 0.0570802
