LexicalReordering0= 0.00138797
LexicalReordering0= -0.0660986
LexicalReordering0= 0.0393054
LexicalReordering0= 0.187068
LexicalReordering0= 0.0106347
LexicalReordering0= 0.00394489
Distortion0= 0.0523848
LM0= 0.0803602
WordPenalty0= -0.312888
PhrasePenalty0= 0.0686334
TranslationModel0= 0.0220491
TranslationModel0= 0.0275607
TranslationModel0= 0.0706481
TranslationModel0= 0.0570362
