LexicalReordering0= 0.00140237
LexicalReordering0= -0.0667846
LexicalReordering0= 0.0397133
LexicalReordering0= 0.189009
LexicalReordering0= -0.000602246
LexicalReordering0= 0.00398583
Distortion0= 0.0529285
LM0= 0.0811942
WordPenalty0= -0.316135
PhrasePenalty0= 0.0693457
TranslationModel0= 0.0222779
TranslationModel0= 0.0278467
TranslationModel0= 0.0711457
TranslationModel0= 0.0576281
