LexicalReordering0= 0.00819039
LexicalReordering0= 0.104247
LexicalReordering0= 0.028877
LexicalReordering0= -0.0274858
LexicalReordering0= -0.105207
LexicalReordering0= 0.0121949
Distortion0= -0.04022
LM0= 0.0308406
WordPenalty0= -0.395132
PhrasePenalty0= -0.148059
TranslationModel0= -0.0159835
TranslationModel0= 0.0186768
TranslationModel0= 0.03204
TranslationModel0= 0.0328472
