LexicalReordering0= 0.0419907
LexicalReordering0= -0.0202078
LexicalReordering0= 0.0941202
LexicalReordering0= 0.0975809
LexicalReordering0= 0.0567342
LexicalReordering0= 0.0246263
Distortion0= 0.0108541
LM0= 0.0686088
WordPenalty0= -0.312143
PhrasePenalty0= 0.0716478
TranslationModel0= 0.00732938
TranslationModel0= 0.0784315
TranslationModel0= 0.0804141
TranslationModel0= 0.0353115
