LexicalReordering0= 0.0455907
LexicalReordering0= -0.0244125
LexicalReordering0= 0.102189
LexicalReordering0= 0.105947
LexicalReordering0= 0.0615982
LexicalReordering0= 0.0267376
Distortion0= 0.0117847
LM0= 0.0744908
WordPenalty0= -0.250699
PhrasePenalty0= 0.0777904
TranslationModel0= 0.00795775
TranslationModel0= 0.0851556
TranslationModel0= 0.0873082
TranslationModel0= 0.0383388
