LexicalReordering0= 0.0280465
LexicalReordering0= -0.0176968
LexicalReordering0= 0.365505
LexicalReordering0= 0.103634
LexicalReordering0= 0.0446529
LexicalReordering0= 0.0193822
Distortion0= 0.00854279
LM0= 0.0635252
WordPenalty0= -0.181733
PhrasePenalty0= 0.0123458
TranslationModel0= 0.00576861
TranslationModel0= 0.0617298
TranslationModel0= 0.0632901
TranslationModel0= 0.024148
